4294967278,245
4294967278,212
4294967278,348
4294967278,201
4294967278,197
4294967278,194
4294967278,239
369,8
369,7
369,6
369,5
369,4
369,3
369,2
369,1
4294967279,139
4294967278,391
4294967278,222
4294967278,220
4294967278,218
4294967278,206
4294967279,509
4294967278,310
4294967278,202
4294967279,202
4294967279,201
4294967278,199
4294967278,343
4294967278,196
4294967279,197
4294967279,392
4294967294,11
4294967294,68
4294967278,225
4294967279,510
4294967279,409
4294967294,1427
4294967279,457
368,8
368,7
368,6
368,5
368,4
368,3
368,2
368,1
4294967279,455
4294967278,233
4294967278,231
4294967279,453
4294967278,342
4294967279,451
363,6
363,5
363,4
363,3
363,2
363,1
4294967294,395
4294967294,409
4294967294,184
4294967279,450
360,5
360,4
360,3
360,2
360,1
4294967279,286
4294967278,227
4294967279,405
4294967279,251
358,9
358,8
358,7
358,6
358,5
358,4
358,3
358,2
358,1
4294967278,223
4294967278,221
4294967294,264
4294967294,170
4294967278,344
4294967279,247
4294967279,502
4294967279,192
4294967278,219
352,6
352,5
352,4
352,3
352,2
352,1
349,5
349,4
349,3
349,2
349,1
4294967278,217
4294967279,241
4294967278,215
348,7
348,6
348,5
348,4
348,3
348,2
348,1
4294967279,441
4294967278,319
4294967294,405
4294967278,279
4294967294,161
4294967278,316
344,4
344,3
344,2
344,1
343,6
343,5
343,4
343,3
343,2
343,1
4294967279,239
4294967278,290
4294967278,415
4294967278,369
4294967278,359
4294967278,380
4294967278,441
4294967279,505
4294967279,475
4294967279,301
4294967279,308
4294967279,426
4294967278,438
4294967278,315
341,6
4294967279,397
4294967279,235
341,5
341,4
341,3
341,2
341,1
4294967294,475
339,6
339,5
339,4
339,3
339,2
339,1
4294967279,233
4294967278,139
4294967279,231
4294967278,282
4294967294,111
336,5
336,4
336,3
336,2
336,1
4294967278,278
4294967278,314
4294967294,221
335,6
335,5
335,4
335,3
335,2
335,1
334,6
4294967279,254
334,5
4294967294,261
334,4
334,3
334,2
334,1
4294967279,227
4294967278,246
333,4
333,3
333,2
333,1
4294967278,364
332,6
4294967279,493
4294967278,313
332,5
332,4
332,3
332,2
332,1
4294967278,390
4294967294,387
4294967279,428
4294967278,384
330,5
330,4
330,3
330,2
330,1
4294967278,195
4294967294,180
4294967278,190
328,5
328,4
328,3
328,2
328,1
327,4
327,3
327,2
327,1
4294967278,311
326,5
326,4
326,3
326,2
326,1
4294967279,225
325,4
325,3
325,2
325,1
324,4
324,3
324,2
324,1
323,4
323,3
323,2
323,1
4294967294,430
4294967279,168
4294967279,223
4294967279,221
4294967278,309
4294967279,422
4294967278,375
4294967294,1
4294967278,307
4294967279,495
4294967294,390
4294967279,470
4294967279,219
4294967278,306
4294967278,304
4294967294,389
4294967294,120
4294967279,217
4294967279,412
4294967279,299
4294967279,215
4294967279,230
4294967279,393
4294967279,138
4294967279,134
4294967279,191
4294967278,352
4294967278,439
4294967279,182
4294967278,437
4294967278,436
4294967278,414
4294967278,393
4294967279,500
4294967279,418
4294967279,415
4294967294,426
4294967294,10
4294967294,1426
4294967279,432
4294967278,140
4294967278,276
4294967278,133
322,8
4294967278,136
322,7
322,6
4294967278,135
322,5
322,4
322,3
322,2
322,1
4294967294,396
4294967294,385
4294967294,421
4294967294,253
4294967294,412
4294967294,108
4294967294,391
4294967294,455
4294967294,448
4294967279,447
4294967279,468
4294967278,265
4294967278,303
4294967278,264
4294967278,263
4294967294,392
4294967279,403
4294967278,257
4294967279,446
4294967278,326
4294967278,341
4294967279,413
4294967279,384
4294967278,318
4294967278,302
4294967279,246
4294967279,237
4294967279,236
4294967278,376
4294967279,226
4294967279,224
4294967278,355
4294967279,474
4294967279,216
317,6
317,5
317,4
4294967278,213
317,3
317,2
317,1
4294967279,214
4294967279,209
4294967279,204
4294967278,350
4294967279,203
4294967278,200
4294967294,441
4294967294,1425
4294967279,194
314,5
314,4
314,3
314,2
314,1
4294967294,107
4294967279,88
4294967279,410
312,9
312,8
312,7
312,6
312,5
312,4
312,3
312,2
312,1
4294967294,114
4294967294,115
4294967278,256
4294967278,398
4294967278,0
4294967279,311
4294967294,476
0,7
4294967278,388
4294967294,388
4294967294,46
4294967279,0
4294967279,279
4294967294,89
4294967278,134
4294967294,203
4294967278,269
4294967294,473
4294967294,5
4294967294,81
4294967294,50
4294967294,1420
4294967294,399
4294967294,186
4294967294,207
4294967294,178
4294967294,398
4294967294,406
4294967294,415
4294967294,249
4294967294,167
4294967294,175
4294967294,457
4294967294,400
4294967294,110
4294967294,474
4294967294,38
4294967294,37
4294967294,36
4294967294,39
4294967294,92
4294967294,91
4294967294,90
4294967294,88
4294967294,87
4294967294,86
4294967294,85
4294967294,1423
4294967278,261
4294967294,94
4294967294,96
4294967279,263
4294967278,259
4294967278,258
4294967294,40
4294967294,76
4294967294,477
4294967294,84
4294967294,267
4294967294,1421
4294967294,0
4294967294,7
4294967294,9
4294967279,386
4294967294,8
4294967294,45
4294967294,2
4294967294,393
4294967294,1422
4294967294,44
4294967294,53
4294967294,52
4294967294,417
4294967294,51
4294967294,254
4294967294,29
4294967294,220
4294967294,251
4294967294,419
4294967294,28
4294967294,222
4294967294,27
4294967278,323
4294967294,82
4294967294,42
4294967294,83
4294967278,132
4294967278,131
4294967278,130
4294967278,129
4294967278,128
4294967278,365
4294967278,127
4294967278,126
4294967278,125
4294967278,124
4294967278,123
4294967278,122
4294967278,121
4294967278,120
4294967278,119
4294967278,118
4294967278,117
4294967278,241
4294967278,116
4294967278,115
4294967278,114
4294967278,113
4294967278,112
4294967278,111
4294967278,110
4294967278,109
4294967278,108
4294967278,107
4294967278,106
4294967278,105
4294967278,104
4294967278,103
4294967278,102
4294967278,101
4294967278,100
4294967278,99
4294967278,98
4294967278,97
4294967278,96
4294967278,95
4294967278,94
4294967278,93
4294967278,92
4294967278,91
4294967278,90
4294967278,89
4294967278,87
4294967278,86
4294967278,85
4294967278,84
4294967278,83
4294967278,82
4294967278,81
4294967278,80
4294967278,79
4294967278,78
4294967278,77
4294967278,76
4294967278,75
4294967278,74
4294967278,73
4294967278,72
4294967278,71
4294967278,70
4294967278,69
4294967278,68
4294967278,67
4294967278,66
4294967278,44
4294967278,42
4294967278,431
4294967278,411
4294967279,385
4294967279,257
4294967279,110
4294967279,109
4294967279,108
4294967279,107
4294967279,106
4294967279,105
4294967279,104
4294967279,103
4294967279,102
4294967279,101
4294967279,99
4294967279,98
4294967279,96
4294967279,95
4294967279,94
4294967279,93
4294967279,92
4294967279,84
4294967279,77
4294967279,75
4294967279,69
4294967279,67
4294967279,66
4294967279,56
4294967279,53
4294967279,52
4294967279,51
4294967279,47
4294967279,46
4294967279,42
4294967279,40
4294967279,36
4294967279,34
4294967279,496
4294967279,31
4294967279,28
4294967279,25
4294967279,22
4294967279,20
4294967279,18
4294967279,15
4294967279,494
4294967279,14
4294967279,13
4294967279,12
4294967279,9
4294967279,8
4294967279,6
4294967279,4
4294967279,255
306,6
306,5
306,4
4294967278,248
306,3
306,2
306,1
4294967279,248
4294967279,440
4294967279,228
4294967279,220
303,5
303,4
303,3
303,2
303,1
4294967279,439
302,7
302,6
302,5
302,4
302,3
302,2
302,1
4294967278,277
4294967278,300
4294967278,299
4294967279,438
4294967278,65
4294967278,433
4294967279,454
4294967278,64
4294967279,55
4294967278,432
4294967279,162
298,4
298,3
298,2
298,1
297,6
4294967279,391
4294967279,147
297,5
297,4
297,3
297,2
297,1
4294967278,144
4294967278,138
4294967279,137
295,6
4294967279,133
4294967278,272
4294967278,271
4294967278,270
4294967278,268
295,5
295,4
295,3
295,2
295,1
4294967278,280
4294967279,7
4294967279,5
4294967278,324
4294967279,319
293,6
293,5
293,4
4294967279,414
293,3
293,2
293,1
4294967278,252
4294967279,250
4294967279,249
4294967278,297
4294967279,244
4294967278,240
4294967279,238
4294967294,160
4294967294,191
